         ps       /top_tb/u_top_wrapper/top_i/DataSource_Scrambler_0/ScramblerOut           
          delta                             /top_tb/u_top_wrapper/top_i/RS_Enc_0/RS_Out     
          0  +0                                                                 x     x 
        100  +0                                                                 0     x 
        100  +1                                                                 0     0 
    1880100  +0                                                               184     0 
    2880100  +0                                                                64     0 
    2880100  +1                                                                64   184 
    3880100  +0                                                                17   184 
    3880100  +1                                                                17    64 
    4880100  +0                                                                16    64 
    4880100  +1                                                                16    17 
    5880100  +0                                                                 0    17 
    5880100  +1                                                                 0    16 
    6880100  +0                                                                66    16 
    6880100  +1                                                                66     0 
    7880100  +0                                                               240     0 
    7880100  +1                                                               240    66 
    8880100  +0                                                                36    66 
    8880100  +1                                                                36   240 
    9880100  +0                                                                 1   240 
    9880100  +1                                                                 1    36 
   10880100  +0                                                                 0    36 
   10880100  +1                                                                 0     1 
   11880100  +0                                                               192     1 
   11880100  +1                                                               192     0 
   12880100  +0                                                                 1     0 
   12880100  +1                                                                 1   192 
   13880100  +1                                                                 1     1 
   14880100  +0                                                               255     1 
   15880100  +0                                                                 0     1 
   15880100  +1                                                                 0   255 
   16880100  +0                                                               254   255 
   16880100  +1                                                               254     0 
   17880100  +0                                                                 0     0 
   17880100  +1                                                                 0   254 
   18880100  +0                                                                 1   254 
   18880100  +1                                                                 1     0 
   19880100  +0                                                               252     0 
   19880100  +1                                                               252     1 
   20880100  +0                                                               128     1 
   20880100  +1                                                               128   252 
   21880100  +0                                                                20   252 
   21880100  +1                                                                20   128 
   22880100  +0                                                                73   128 
   22880100  +1                                                                73    20 
   23880100  +0                                                                18    20 
   23880100  +1                                                                18    73 
   24880100  +0                                                                 1    73 
   24880100  +1                                                                 1    18 
   25880100  +0                                                                 6    18 
   25880100  +1                                                                 6     1 
   26880100  +0                                                                70     1 
   26880100  +1                                                                70     6 
   27880100  +1                                                                70    70 
   28880100  +0                                                               108    70 
   29880100  +0                                                               113    70 
   29880100  +1                                                               113   108 
   30880100  +0                                                               101   108 
   30880100  +1                                                               101   113 
   31880100  +0                                                               102   113 
   31880100  +1                                                               102   101 
   32880100  +0                                                                 9   101 
   32880100  +1                                                                 9   102 
   33880100  +0                                                                83   102 
   33880100  +1                                                                83     9 
   34880100  +0                                                               101     9 
   34880100  +1                                                               101    83 
   35880100  +0                                                               114    83 
   35880100  +1                                                               114   101 
   36880100  +0                                                               119   101 
   36880100  +1                                                               119   114 
   37880100  +0                                                               104   114 
   37880100  +1                                                               104   119 
   38880100  +0                                                                99   119 
   38880100  +1                                                                99   104 
   39880100  +0                                                               101   104 
   39880100  +1                                                               101    99 
   40880100  +0                                                                48    99 
   40880100  +1                                                                48   101 
   41880100  +0                                                                49   101 
   41880100  +1                                                                49    48 
   42880100  +0                                                               118    48 
   42880100  +1                                                               118    49 
   43880100  +0                                                               124    49 
   43880100  +1                                                               124   118 
   44880100  +0                                                                66   118 
   44880100  +1                                                                66   124 
   45880100  +0                                                               203   124 
   45880100  +1                                                               203    66 
   46880100  +0                                                               254    66 
   46880100  +1                                                               254   203 
   47880100  +0                                                               255   203 
   47880100  +1                                                               255   254 
   48880100  +1                                                               255   255 
   50880100  +0                                                               254   255 
   51880100  +0                                                               255   255 
   51880100  +1                                                               255   254 
   52880100  +0                                                               254   254 
   52880100  +1                                                               254   255 
   53880100  +0                                                               255   255 
   53880100  +1                                                               255   254 
   54880100  +1                                                               255   255 
   56880100  +0                                                               254   255 
   57880100  +1                                                               254   254 
   59880100  +0                                                               255   254 
   60880100  +1                                                               255   255 
   61880100  +0                                                               254   255 
   62880100  +0                                                               255   255 
   62880100  +1                                                               255   254 
   63880100  +1                                                               255   255 
   64880100  +0                                                               254   255 
   65880100  +1                                                               254   254 
   68880100  +0                                                               255   254 
   69880100  +1                                                               255   255 
   70880100  +0                                                               254   255 
   71880100  +0                                                               255   255 
   71880100  +1                                                               255   254 
   72880100  +1                                                               255   255 
   73880100  +0                                                               254   255 
   74880100  +0                                                               255   255 
   74880100  +1                                                               255   254 
   75880100  +0                                                               254   254 
   75880100  +1                                                               254   255 
   76880100  +1                                                               254   254 
   77880100  +0                                                               255   254 
   78880100  +0                                                               254   254 
   78880100  +1                                                               254   255 
   79880100  +0                                                               255   255 
   79880100  +1                                                               255   254 
   80880100  +1                                                               255   255 
   82880100  +0                                                               254   255 
   83880100  +0                                                               255   255 
   83880100  +1                                                               255   254 
   84880100  +0                                                               254   254 
   84880100  +1                                                               254   255 
   85880100  +1                                                               254   254 
   86880100  +0                                                               255   254 
   87880100  +0                                                               254   254 
   87880100  +1                                                               254   255 
   88880100  +1                                                               254   254 
   90880100  +0                                                               255   254 
   91880100  +0                                                               254   254 
   91880100  +1                                                               254   255 
   92880100  +1                                                               254   254 
   94880100  +0                                                               255   254 
   95880100  +1                                                               255   255 
   96880100  +0                                                               254   255 
   97880100  +1                                                               254   254 
   99880100  +0                                                               255   254 
  100880100  +0                                                               254   254 
  100880100  +1                                                               254   255 
  101880100  +1                                                               254   254 
  102880100  +0                                                               255   254 
  103880100  +1                                                               255   255 
  104880100  +0                                                               254   255 
  105880100  +1                                                               254   254 
  106880100  +0                                                               255   254 
  107880100  +1                                                               255   255 
  108880100  +0                                                               254   255 
  109880100  +0                                                               255   255 
  109880100  +1                                                               255   254 
  110880100  +0                                                               254   254 
  110880100  +1                                                               254   255 
  111880100  +0                                                               255   255 
  111880100  +1                                                               255   254 
  112880100  +1                                                               255   255 
  113880100  +0                                                               254   255 
  114880100  +1                                                               254   254 
  115880100  +0                                                               255   254 
  116880100  +0                                                               254   254 
  116880100  +1                                                               254   255 
  117880100  +0                                                               255   255 
  117880100  +1                                                               255   254 
  118880100  +0                                                               254   254 
  118880100  +1                                                               254   255 
  119880100  +0                                                               255   255 
  119880100  +1                                                               255   254 
  120880100  +0                                                               254   254 
  120880100  +1                                                               254   255 
  121880100  +0                                                               255   255 
  121880100  +1                                                               255   254 
  122880100  +0                                                               254   254 
  122880100  +1                                                               254   255 
  123880100  +1                                                               254   254 
  126880100  +0                                                               255   254 
  127880100  +0                                                               254   254 
  127880100  +1                                                               254   255 
  128880100  +0                                                               255   255 
  128880100  +1                                                               255   254 
  129880100  +0                                                               254   254 
  129880100  +1                                                               254   255 
  130880100  +1                                                               254   254 
  137880100  +0                                                               255   254 
  138880100  +1                                                               255   255 
  140880100  +0                                                               254   255 
  141880100  +1                                                               254   254 
  144880100  +0                                                               255   254 
  145880100  +1                                                               255   255 
  151880100  +0                                                               254   255 
  152880100  +0                                                               255   255 
  152880100  +1                                                               255   254 
  153880100  +1                                                               255   255 
  154880100  +0                                                               254   255 
  155880100  +0                                                               255   255 
  155880100  +1                                                               255   254 
  156880100  +1                                                               255   255 
  158880100  +0                                                               254   255 
  159880100  +0                                                               255   255 
  159880100  +1                                                               255   254 
  160880100  +1                                                               255   255 
  165880100  +0                                                               254   255 
  166880100  +1                                                               254   254 
  167880100  +0                                                               255   254 
  168880100  +0                                                               254   254 
  168880100  +1                                                               254   255 
  169880100  +1                                                               254   254 
  170880100  +0                                                               255   254 
  171880100  +1                                                               255   255 
  172880100  +0                                                               254   255 
  173880100  +1                                                               254   254 
  174880100  +0                                                               255   254 
  175880100  +1                                                               255   255 
  179880100  +0                                                               254   255 
  180880100  +0                                                               255   255 
  180880100  +1                                                               255   254 
  181880100  +0                                                               254   254 
  181880100  +1                                                               254   255 
  182880100  +1                                                               254   254 
  183880100  +0                                                               255   254 
  184880100  +0                                                               254   254 
  184880100  +1                                                               254   255 
  185880100  +0                                                               255   255 
  185880100  +1                                                               255   254 
  186880100  +0                                                               254   254 
  186880100  +1                                                               254   255 
  187880100  +0                                                               255   255 
  187880100  +1                                                               255   254 
  188880100  +0                                                               254   254 
  188880100  +1                                                               254   255 
  189880100  +0                                                                 0   255 
  189880100  +1                                                                 0   254 
  190880100  +1                                                                 0     0 
  193880100  +0                                                                 1     0 
  194880100  +1                                                                 1     1 
  196880100  +0                                                                 0     1 
  197880100  +0                                                                 1     1 
  197880100  +1                                                                 1     0 
  198880100  +1                                                                 1     1 
  204880100  +0                                                                 0     1 
  205880100  +0                                                                71     1 
  205880100  +1                                                                71     0 
  206880100  +0                                                                64     0 
  206880100  +1                                                                64    71 
  207880100  +0                                                                 1    71 
  207880100  +1                                                                 1    64 
  208880100  +0                                                                16    64 
  208880100  +1                                                                16     1 
  209880100  +0                                                                 0     1 
  209880100  +1                                                                 0    16 
  210880100  +0                                                                 1    16 
  210880100  +1                                                                 1     0 
  211880100  +0                                                               177     0 
  211880100  +1                                                               177     1 
  212880100  +0                                                                13     1 
  212880100  +1                                                                13   177 
  213880100  +0                                                                 0   177 
  213880100  +1                                                                 0    13 
  214880100  +0                                                                 1    13 
  214880100  +1                                                                 1     0 
  215880100  +0                                                               193     0 
  215880100  +1                                                               193     1 
  216880100  +0                                                                 0     1 
  216880100  +1                                                                 0   193 
  217880100  +1                                                                 0     0 
  218880100  +0                                                                 1     0 
  219880100  +1                                                                 1     1 
  220880100  +0                                                               240     1 
  221880100  +0                                                                 1     1 
  221880100  +1                                                                 1   240 
  222880100  +0                                                                43   240 
  222880100  +1                                                                43     1 
  223880100  +0                                                               177     1 
  223880100  +1                                                               177    43 
  224880100  +0                                                                 5    43 
  224880100  +1                                                                 5   177 
  225880100  +0                                                               178   177 
  225880100  +1                                                               178     5 
  226880100  +0                                                               254     5 
  226880100  +1                                                               254   178 
  227880100  +0                                                               255   178 
  227880100  +1                                                               255   254 
  228880100  +1                                                               255   255 
  232880100  +0                                                               254   255 
  233880100  +1                                                               254   254 
  234880100  +0                                                               255   254 
  235880100  +0                                                               254   254 
  235880100  +1                                                               254   255 
  236880100  +0                                                               255   255 
  236880100  +1                                                               255   254 
  237880100  +0                                                               254   254 
  237880100  +1                                                               254   255 
  238880100  +1                                                               254   254 
  242880100  +0                                                               255   254 
  243880100  +1                                                               255   255 
  246880100  +0                                                               254   255 
  247880100  +0                                                               255   255 
  247880100  +1                                                               255   254 
  248880100  +0                                                               254   254 
  248880100  +1                                                               254   255 
  249880100  +1                                                               254   254 
  252880100  +0                                                               255   254 
  253880100  +1                                                               255   255 
  256880100  +0                                                               254   255 
  257880100  +0                                                               255   255 
  257880100  +1                                                               255   254 
  258880100  +1                                                               255   255 
  260880100  +0                                                               254   255 
  261880100  +1                                                               254   254 
  263880100  +0                                                               255   254 
  264880100  +1                                                               255   255 
  266880100  +0                                                               254   255 
  267880100  +0                                                               255   255 
  267880100  +1                                                               255   254 
  268880100  +1                                                               255   255 
  270880100  +0                                                               254   255 
  271880100  +1                                                               254   254 
  272880100  +0                                                               255   254 
  273880100  +1                                                               255   255 
  274880100  +0                                                               254   255 
  275880100  +0                                                               255   255 
  275880100  +1                                                               255   254 
  276880100  +1                                                               255   255 
  277880100  +0                                                               254   255 
  278880100  +0                                                               255   255 
  278880100  +1                                                               255   254 
  279880100  +1                                                               255   255 
  280880100  +0                                                               254   255 
  281880100  +1                                                               254   254 
  282880100  +0                                                               255   254 
  283880100  +1                                                               255   255 
  284880100  +0                                                               254   255 
  285880100  +0                                                               255   255 
  285880100  +1                                                               255   254 
  286880100  +0                                                               254   254 
  286880100  +1                                                               254   255 
  287880100  +0                                                               255   255 
  287880100  +1                                                               255   254 
  288880100  +0                                                               254   254 
  288880100  +1                                                               254   255 
  289880100  +1                                                               254   254 
  290880100  +0                                                               255   254 
  291880100  +0                                                               254   254 
  291880100  +1                                                               254   255 
  292880100  +1                                                               254   254 
  293880100  +0                                                               255   254 
  294880100  +0                                                               254   254 
  294880100  +1                                                               254   255 
  295880100  +0                                                               255   255 
  295880100  +1                                                               255   254 
  296880100  +0                                                               254   254 
  296880100  +1                                                               254   255 
  297880100  +0                                                               255   255 
  297880100  +1                                                               255   254 
  298880100  +0                                                               254   254 
  298880100  +1                                                               254   255 
  299880100  +1                                                               254   254 
